[[[-0.46977991  0.0110121  -1.31116593]
  [-0.40109534  0.0110121  -1.29399479]
  [-0.41826648 -0.04050133 -1.32833707]
  ...
  [ 2.27760301  2.53517016  1.10996527]
  [ 2.19174729  2.53517016  0.90391155]
  [ 2.07154929  2.50082787  0.66351554]]

 [[-0.69300477 -0.24655505 -1.31116593]
  [-0.64149134 -0.24655505 -1.27682364]
  [-0.64149134 -0.29806848 -1.29399479]
  ...
  [ 2.15740501  2.51799901  0.90391155]
  [ 2.05437815  2.48365673  0.62917326]
  [ 1.917009    2.41497215  0.33726382]]

 [[-0.91622963 -0.52129334 -1.07076992]
  [-0.95057192 -0.57280677 -1.08794107]
  [-1.01925649 -0.71017592 -1.17379678]
  ...
  [ 1.98569357  2.44931444  0.59483097]
  [ 1.88266671  2.39780101  0.33726382]
  [ 1.81398214  2.36345872  0.18272353]]

 ...

 [[-1.72327337 -1.55156193 -1.65458879]
  [-1.74044451 -1.53439079 -1.68893108]
  [-1.74044451 -1.53439079 -1.72327337]
  ...
  [-0.14352819  0.69785783 -1.2596525 ]
  [-0.16069933  0.69785783 -1.31116593]
  [-0.12635705  0.73220012 -1.31116593]]

 [[-1.72327337 -1.60307536 -1.67175994]
  [-1.70610222 -1.53439079 -1.67175994]
  [-1.70610222 -1.5000485  -1.67175994]
  ...
  [-0.09201476  0.73220012 -1.22531021]
  [-0.1091859   0.73220012 -1.27682364]
  [-0.14352819  0.71502897 -1.32833707]]

 [[-1.70610222 -1.62024651 -1.65458879]
  [-1.70610222 -1.55156193 -1.67175994]
  [-1.67175994 -1.46570622 -1.63741765]
  ...
  [-0.09201476  0.71502897 -1.24248136]
  [-0.09201476  0.73220012 -1.27682364]
  [-0.1091859   0.7665424  -1.29399479]]]